1006
1015
1024
1033
1042
1051
1060
1069
1078
1087
1096
1105
1114
1123
1132
1141
1150
1159
1168
1177
1186
1195
1204
1213
1222
1231
1240
1249
1258
1267
1276
1285
1294
1303
1312
1321
1330
1339
1348
1357
1366
1375
1384
1393
1402
1411
1420
1429
1438
1447
1456
1465
1474
1483
1492
1501
1510
1519
1528
1537
1546
1555
1564
1573
1582
1591
1600
1609
1618
1627
1636
1645
1654
1663
1672
1681
1690
1699
1708
1717
1726
1735
1744
1753
1762
1771
1780
1789
1798
1807
1816
1825
1834
1843
1852
1861
1870
1879
1888
1897
1906
1915
1924
1933
1942
1951
1960
1969
1978
1987
1996
2005
2014
2023
2032
2041
2050
2059
2068
2077
2086
2095
2104
2113
2122
2131
2140
2149
2158
2167
2176
2185
2194
2203
2212
2221
2230
2239
2248
2257
2266
2275
2284
2293
2302
2311
2320
2329
2338
2347
2356
2365
2374
2383
2392
2401
2410
2419
2428
2437
2446
2455
2464
2473
2482
2491
2500
2509
2518
2527
2536
2545
2554
2563
2572
2581
2590
2599
2608
2617
2626
2635
2644
2653
2662
2671
2680
2689
2698
2707
2716
2725
2734
2743
2752
2761
2770
2779
2788
2797
2806
2815
2824
2833
2842
2851
2860
2869
2878
2887
2896
2905
2914
2923
2932
2941
2950
2959
2968
2977
2986
2995
3004
3013
3022
3031
3040
3049
3058
3067
3076
3085
3094
3103
3112
3121
3130
3139
3148
3157
3166
3175
3184
3193
3202
3211
3220
3229
3238
3247
3256
3265
3274
3283
3292
3301
3310
3319
3328
3337
3346
3355
3364
3373
3382
3391
3400
3409
3418
3427
3436
3445
3454
3463
3472
3481
3490
3499
3508
3517
3526
3535
3544
3553
3562
3571
3580
3589
3598
3607
3616
3625
3634
3643
3652
3661
3670
3679
3688
3697
3706
3715
3724
3733
3742
3751
3760
3769
3778
3787
3796
3805
3814
3823
3832
3841
3850
3859
3868
3877
3886
3895
3904
3913
3922
3931
3940
3949
3958
3967
3976
3985
3994
4003
4012
4021
4030
4039
4048
4057
4066
4075
4084
4093
4102
4111
4120
4129
4138
4147
4156
4165
4174
4183
4192
4201
4210
4219
4228
4237
4246
4255
4264
4273
4282
4291
4300
4309
4318
4327
4336
4345
4354
4363
4372
4381
4390
4399
4408
4417
4426
4435
4444
4453
4462
4471
4480
4489
4498
4507
4516
4525
4534
4543
4552
4561
4570
4579
4588
4597
4606
4615
4624
4633
4642
4651
4660
4669
4678
4687
4696
4705
4714
4723
4732
4741
4750
4759
4768
4777
4786
4795
4804
4813
4822
4831
4840
4849
4858
4867
4876
4885
4894
4903
4912
4921
4930
4939
4948
4957
4966
4975
4984
4993
5002
5011
5020
5029
5038
5047
5056
5065
5074
5083
5092
5101
5110
5119
5128
5137
5146
5155
5164
5173
5182
5191
5200
5209
5218
5227
5236
5245
5254
5263
5272
5281
5290
5299
5308
5317
5326
5335
5344
5353
5362
5371
5380
5389
5398
5407
5416
5425
5434
5443
5452
5461
5470
5479
5488
5497
5506
5515
5524
5533
5542
5551
5560
5569
5578
5587
5596
5605
5614
5623
5632
5641
5650
5659
5668
5677
5686
5695
5704
5713
5722
5731
5740
5749
5758
5767
5776
5785
5794
5803
5812
5821
5830
5839
5848
5857
5866
5875
5884
5893
5902
5911
5920
5929
5938
5947
5956
5965
5974
5983
5992
6001
6010
6019
6028
6037
6046
6055
6064
6073
6082
6091
6100
6109
6118
6127
6136
6145
6154
6163
6172
6181
6190
6199
6208
6217
6226
6235
6244
6253
6262
6271
6280
6289
6298
6307
6316
6325
6334
6343
6352
6361
6370
6379
6388
6397
6406
6415
6424
6433
6442
6451
6460
6469
6478
6487
6496
6505
6514
6523
6532
6541
6550
6559
6568
6577
6586
6595
6604
6613
6622
6631
6640
6649
6658
6667
6676
6685
6694
6703
6712
6721
6730
6739
6748
6757
6766
6775
6784
6793
6802
6811
6820
6829
6838
6847
6856
6865
6874
6883
6892
6901
6910
6919
6928
6937
6946
6955
6964
6973
6982
6991
7000
7009
7018
7027
7036
7045
7054
7063
7072
7081
7090
7099
7108
7117
7126
7135
7144
7153
7162
7171
7180
7189
7198
7207
7216
7225
7234
7243
7252
7261
7270
7279
7288
7297
7306
7315
7324
7333
7342
7351
7360
7369
7378
7387
7396
7405
7414
7423
7432
7441
7450
7459
7468
7477
7486
7495
7504
7513
7522
7531
7540
7549
7558
7567
7576
7585
7594
7603
7612
7621
7630
7639
7648
7657
7666
7675
7684
7693
7702
7711
7720
7729
7738
7747
7756
7765
7774
7783
7792
7801
7810
7819
7828
7837
7846
7855
7864
7873
7882
7891
7900
7909
7918
7927
7936
7945
7954
7963
7972
7981
7990
7999
8008
8017
8026
8035
8044
8053
8062
8071
8080
8089
8098
8107
8116
8125
8134
8143
8152
8161
8170
8179
8188
8197
8206
8215
8224
8233
8242
8251
8260
8269
8278
8287
8296
8305
8314
8323
8332
8341
8350
8359
8368
8377
8386
8395
8404
8413
8422
8431
8440
8449
8458
8467
8476
8485
8494
8503
8512
8521
8530
8539
8548
8557
8566
8575
8584
8593
8602
8611
8620
8629
8638
8647
8656
8665
8674
8683
8692
8701
8710
8719
8728
8737
8746
8755
8764
8773
8782
8791
8800
8809
8818
8827
8836
8845
8854
8863
8872
8881
8890
8899
8908
8917
8926
8935
8944
8953
8962
8971
8980
8989
8998
9007
9016
9025
9034
9043
9052
9061
9070
9079
9088
9097
9106
9115
9124
9133
9142
9151
9160
9169
9178
9187
9196
9205
9214
9223
9232
9241
9250
9259
9268
9277
9286
9295
9304
9313
9322
9331
9340
9349
9358
9367
9376
9385
9394
9403
9412
9421
9430
9439
9448
9457
9466
9475
9484
9493
9502
9511
9520
9529
9538
9547
9556
9565
9574
9583
9592
9601
9610
9619
9628
9637
9646
9655
9664
9673
9682
9691
9700
9709
9718
9727
9736
9745
9754
9763
9772
9781
9790
9799
9808
9817
9826
9835
9844
9853
9862
9871
9880
9889
9898
9907
9916
9925
9934
9943
9952
9961
9970
9979
9988
9997
TOTAL: 1000 lucky numbers
